	sample1	sample2	sample3	sample4	sample5	sample6	sample7	sample8	sample9	sample10	sample11	sample12	sample13	sample14	sample15	sample16	sample17	sample18	sample19	sample20
Adipocytes	0	0.0041	0	0	0.0192	0.0249	0.0021	1e-04	0.0101	0.0056	0.0067	0.0052	0.0047	0	0.0055	0	0	0	0	0
Astrocytes	0	0	0	0	0	0	0	0	0	0	0.0312	0	0.0763	0	0.0156	0	0	0	0	0
B-cells	0.0456	0.0259	0.0546	0.3165	0.0113	0.1384	0.1302	0.0319	0.131	0.1639	0	0.017	0	0	0	0	0.0146	0	0.0126	0
Basophils	0	0.1079	0	0	0.0205	0.0561	0.1436	0.0139	0.0672	0.0103	0	0	0	0	0	0.0366	0.0602	0.0232	0.067	0.0453
CD4+ T-cells	0	0	0	0	0	0	0.0084	0	0	0.0129	0	0	0	0	0	0	0	0	0	0
CD4+ Tcm	0	0.0033	0	0	0.0079	0.0017	0.0149	0	0	0	0	0	0	0	0	0	0.0457	0	0	0
CD4+ Tem	0.0506	0.0501	0.0664	0.1393	0.0496	0.0828	0.1188	0.0569	0.0167	0.1478	0	0.0281	0	0	0	0	0	0	0	0
CD4+ memory T-cells	5e-04	0.0051	0.0031	0.06	0.0025	0.0139	0.061	5e-04	0.0098	0.0664	0	0	0.0023	0	0	0	0	0	0	0
CD4+ naive T-cells	0	0	0	0.0378	0	0	0.0094	0	0	0.0406	0	0	0	0	0	0	0	0	0	0
CD8+ T-cells	0.0367	0	0	0.1152	0	0.0189	0.0208	0	0	0.1408	0	0	0	0	0	0.0066	0	0.0152	0	0.0115
CD8+ Tcm	0.0573	0.0129	0.0203	0.1428	0.0156	0.053	0.108	0.0319	0.0478	0.2265	0.0037	0	0	0	0	0	0	0.0059	0	5e-04
CD8+ Tem	0	0	0	0.0263	0	0	0.0244	0	0	0.0744	0	0	0	0	0	0	0	0	0	0
CD8+ naive T-cells	0.003	0	0	0	0	0	0	0	0	0	0	0	0	0	0	0.0053	0	0.0041	0	0.004
CLP	0.0179	0.0248	0.0093	0	0.0098	0.0129	0.0037	0.0143	0.0307	0.0117	0.0194	0.026	0.0138	0.0147	0.0218	0.0353	0.0392	0.0067	0.0386	0.008
CMP	0	0	0	0	0	0	0	0	0	0	0	0	0	0	0	0	0	0	0	0
Chondrocytes	0	0	0.0445	0	0	0	0	0	0.0059	0	0.0336	0	0	0.0172	0.0089	0	0	0.0104	0.029	0.0015
Class-switched memory B-cells	0.0484	0.027	0.0593	0.0757	0.0148	0.0759	0.0465	0.0537	0.0501	0.0737	0	0.0328	0	0.0145	4e-04	0.0099	0.0092	0.0239	0.0264	0.0157
DC	0.0336	0.0293	0.0596	0.2447	0.0221	0.036	0.0567	0.0343	0.0436	0.0553	0.0412	0.0279	4e-04	0.0163	0	0	0	5e-04	0.0038	0
Endothelial cells	0	0	0.0588	0.0978	0.0054	0	0.0125	0.0042	0.0068	0	0.0663	0.0073	0.0085	0.0422	0.0338	0	0	0.0229	0.077	0.0414
Eosinophils	0.009	0	0.0336	0.4766	0.0063	0.0116	0	0.0109	0	0.0082	0	0.003	0	0	0	0	0	0	0	0
Epithelial cells	0.2678	0.405	0.1637	0.048	0.2408	0.2806	0.277	0.2769	0.249	0.3231	0.0347	0.0769	0.0019	0.013	0	0.009	0.0077	0.0031	0.0032	0.0032
Erythrocytes	0	0	0	0	0	0	0	0	0	0	0	0	0	0	0	0	0	0	8e-04	0
Fibroblasts	0.1642	0.0064	0.2482	0.2138	0.095	0.0492	0.0495	0.1493	0.1266	0.0473	0.0899	0.1085	0.1472	0.0284	0	0.03	0	0.085	0	0.033
GMP	0.0157	0	0.0558	0.242	0.0324	0.0163	0	0.0191	0.0551	0.0068	0.0301	0	0	0	0	0	0	0	0.009	0
HSC	0.1569	0.0235	0.289	0.2285	0.1517	0.0735	0.0033	0.2699	0.4487	0.0111	0.1843	0.0219	0.0323	0.0034	0.0567	0	0	0.0472	0.1684	0.0155
Hepatocytes	0	0	0	0	0	0	0.0018	0	0	0	0	0	0	0	0	2e-04	0	0.0011	7e-04	0.0024
Keratinocytes	0.04	0.12	0.016	0.0011	0.0237	0.0364	0.0424	0.0417	0.0411	0.0555	0.001	0.0072	0	0	0	0	0	0	0	0
MEP	0.0232	0	0.013	0	0.0141	0.0053	0	0.008	0.0298	0	0.0471	0.0282	0.0147	0.0308	0.0296	0.0206	0	0.0223	0.0354	0.04
MPP	0	0	0	0	0	0	0	0	0	0.0103	0	0	0.0234	0	0	0	0	0	0	0
MSC	0.0069	0	0	0	0	0	0	0	0	0	0.0148	0	0.0757	0	0.0086	0.1487	0.1537	0	0	0
Macrophages	0	0	0.0011	0	0	0	0.0075	0	0	0.0125	0.0025	0.0094	0.046	0	0.0074	0	0	0.0074	0	0
Macrophages M1	0	0	0	0	0	0	0.0177	0	0	0.0029	0	0	0.0172	0	0.0034	0	0	0.0024	0	0
Macrophages M2	0.0107	0.0012	0.0116	0.0223	0.0064	0.0186	0.0202	0.0054	0.0146	0.0234	0.0128	0.0072	0.0235	0	0.0051	0	0	0.0073	0.0023	0.0015
Mast cells	0.0106	0.0036	0.0193	0.1159	0.0144	0.0089	0.01	0.0066	0	0.0152	6e-04	0.0013	2e-04	0	0	0.0049	0.007	0	0	0.0024
Megakaryocytes	0.0106	0.0011	0.0141	0.0074	0.005	0.0031	0.0016	0.0107	0.007	3e-04	0.0012	2e-04	0	0	0.001	1e-04	0.0013	0.0029	3e-04	0
Melanocytes	0.0034	0	0	0	0.0018	0	0.0037	0	0.0026	0	0.0096	0.0012	0	0	3e-04	9e-04	0.0063	0	0	0
Memory B-cells	0	0.0022	0.0173	0.0775	0	0.0229	0.0243	0	0.0377	0.0373	0	0	0	0	0	0	0	0	0	0
Mesangial cells	0	1e-04	0.0223	0.027	0	0	0.0084	0	0	8e-04	0.0083	0.0028	0.0097	0	0.0115	0	0	0	0.0062	0
Monocytes	0	0	0.0446	0.05	0	0	0.1762	0	0	0.0465	0	0.0185	0.0117	3e-04	0	0	0	0.0022	0.0207	0
Myocytes	0.0021	1e-04	0.0147	0	0.0028	0.0013	8e-04	0.0078	0.0074	0	0	0.0011	0.0278	0.0033	0.005	0.0092	0.008	0.0085	0.0033	0.0065
NK cells	0	0	0	0	0	0	0	0	0	0.0241	0	0	0	0	0	0	0	0	0	0
NKT	0.0056	0	0	0.0375	0	0	0	0	0	0	0.0367	0.0442	0.0097	0.1049	0.0187	0.0383	0.084	1e-04	0.0494	0.0074
Neurons	0.001	0	2e-04	0	0.0013	3e-04	0	1e-04	8e-04	0	0.1035	0.1251	0.051	0.1267	0.1548	0.167	0.146	0.117	0.1414	0.155
Neutrophils	0	0	0	0	0	0	0	0	0	0	0	0	0	0.0016	0	0	0	6e-04	0.0146	0
Osteoblast	0.0472	0.041	0.0655	0	0.0424	0.0567	0.0118	0.0556	0.0744	0.0178	0.0342	0.1217	0.1111	0.1322	0.1123	0.1426	0.0903	0.1691	0.0715	0.0727
Pericytes	0	0	0.0301	0.1454	0	0	0.0274	0	0	0.0071	0.0903	0.0396	0.0121	0.0537	0.0276	0.0474	0.0314	0.03	0.0599	0.0625
Plasma cells	0.0752	0.0298	0.0169	0.0742	0.072	0.1042	0.0628	0.0588	0.0745	0.0485	0	0	0	0	0	0	0.0077	0	0.0053	0
Platelets	0	0	0	0.0067	0	0	0	0	0	0	0.0125	0.0104	0	0.0096	9e-04	0	0.0012	0	0.0022	0.0086
Preadipocytes	0.0372	0	0	0.0457	0.0124	0	0.0084	0	0	0	0	0	0	0	0	0	0	0	0	0.0336
Sebocytes	0.033	0.0786	0.0102	0	0.0163	0.0252	0.0151	0.0282	0.0287	0.0312	0	0.0026	0	0	0	0	0	0	0	0
Skeletal muscle	0	0	0	0	0	0	0	0	0	0	0	0	0.0016	0	0.0036	0	0	0	0	0
Smooth muscle	0.123	0.079	0.1166	0	0.1573	0.1004	0	0.1301	0.1235	0.0209	0.1156	0.1241	0.1457	0.1271	0.1174	0.0738	0	0.1548	0.112	0.1368
Tgd cells	0	0	0	0.0136	0	0	0.0097	0	0	0.01	0	0	0	0	0	0	0	0	0	0
Th1 cells	0	1e-04	0	0	0	0	0.0067	0	0	0	0.0182	0.0184	0.0226	0.0717	0.1085	0.0635	0.0177	0.0299	0.0453	0.0725
Th2 cells	0.0146	0.0246	0	0.059	0	0.0307	0.02	0.0096	0.0438	0.0845	0	0	0.1518	0	0.0054	0	0	0.0387	0	0
Tregs	0	0	0	0.051	0	0	0.0311	0	0	0	9e-04	0	0	0	0	0	0	0	0	0
aDC	0	0.0405	0.0278	0	0	0.034	0.2134	0	0.0184	0.2174	0	0.0246	0.0891	0	0.0073	0	0	0.0224	0.027	0.0105
cDC	0.1529	0.0583	0.1659	0.7227	0.0817	0.0782	0.2201	0.162	0.2437	0.1571	0.1414	0.0736	0.0521	0.0684	0.0067	0.005	0	0.0335	0.0666	0
iDC	0.3705	0.222	0.7084	2.8219	0.2499	0.2714	0.5122	0.3331	0.4027	0.3109	0.5519	0.2689	0.0025	0.2488	0.012	0	0	0.0122	0.2043	0
ly Endothelial cells	0	0	0.0184	0.0622	0.0021	1e-04	0.0099	0	0.0036	0	0.0245	0.0025	0.0032	0.0138	0.009	0.0017	0.0051	0.0098	0.0161	0.0101
mv Endothelial cells	0	0	0.0316	0.1071	0.004	6e-04	0.0195	0	0.0053	0	0.0483	0.008	0.0137	0.0309	0.0278	0.0034	0.0058	0.0264	0.0381	0.0275
naive B-cells	0	0	0	0.0713	0	0	0.0063	0	0.0056	0.0064	0	0	0	0	0	0	0	0	0	0
pDC	0	0.0017	0	5e-04	0	0	0.1009	0	0	0.0941	0	0.0028	0	0.0079	0.0025	0.006	0	0	0.0033	0.002
pro B-cells	0	0.001	0	0	0	0	0.0035	0	0	0.0056	0	0.0077	0.0177	0.0102	0.0298	0.0127	0.0049	0.0065	0.0099	0.014
ImmuneScore	0.0903	0.0392	0.1419	0.8793	0.0361	0.1425	0.2732	0.0558	0.1164	0.3196	0.0295	0.0514	0.0389	0.0121	0.0049	0.0077	0.0144	0.0173	0.0345	0.0093
StromaScore	0.0821	0.0052	0.1535	0.1558	0.0598	0.037	0.032	0.0768	0.0718	0.0264	0.0814	0.0605	0.0802	0.0353	0.0196	0.015	0	0.054	0.0385	0.0372
MicroenvironmentScore	0.1724	0.0444	0.2954	1.0351	0.0959	0.1796	0.3052	0.1326	0.1881	0.346	0.111	0.1119	0.1191	0.0474	0.0246	0.0227	0.0144	0.0712	0.073	0.0465
